========================================
Performance Metrics Over Epochs (Tree Depth)
========================================
  Epoch    |    Accuracy     |    Loss   
----------------------------------------
    1      |     0.9118      |   0.0882  
    2      |     0.9118      |   0.0882  
    3      |     0.9081      |   0.0919  
    4      |     0.9081      |   0.0919  
    5      |     0.9081      |   0.0919  
    6      |     0.9093      |   0.0907  
    7      |     0.9093      |   0.0907  
    8      |     0.9043      |   0.0957  
    9      |     0.9056      |   0.0944  
    10     |     0.8919      |   0.1081  
    11     |     0.8907      |   0.1093  
    12     |     0.8845      |   0.1155  
    13     |     0.8807      |   0.1193  
    14     |     0.8783      |   0.1217  
    15     |     0.8708      |   0.1292  
    16     |     0.8671      |   0.1329  
    17     |     0.8795      |   0.1205  
    18     |     0.8708      |   0.1292  
    19     |     0.8696      |   0.1304  
    20     |     0.8596      |   0.1404  
----------------------------------------

Final Accuracy at depth 20: 0.8596
========================================
